Palette Indexed Picture
begin palette
154
246 153 136 255
243 108 96 255
232 78 64 255
229 28 35 255
221 25 29 255
208 23 22 255
196 20 17 255
176 18 10 255
244 143 177 255
240 98 146 255
236 64 122 255
233 30 99 255
216 27 96 255
194 24 91 255
173 20 87 255
136 14 79 255
206 147 216 255
186 104 200 255
171 71 188 255
156 39 176 255
142 36 170 255
123 31 162 255
106 27 154 255
74 20 140 255
179 157 219 255
149 117 205 255
126 87 194 255
103 58 183 255
94 53 177 255
81 45 168 255
69 39 160 255
49 27 146 255
159 168 218 255
121 134 203 255
92 107 192 255
63 81 181 255
57 73 171 255
48 63 159 255
40 53 147 255
26 35 126 255
175 191 255 255
145 167 255 255
115 143 254 255
86 119 252 255
78 108 239 255
69 94 222 255
59 80 206 255
42 54 177 255
129 212 250 255
79 195 247 255
41 182 246 255
3 169 244 255
3 155 229 255
2 136 209 255
2 119 189 255
1 87 155 255
128 222 234 255
77 208 225 255
38 198 218 255
0 188 212 255
0 172 193 255
0 151 167 255
0 131 143 255
0 96 100 255
128 203 196 255
77 182 172 255
38 166 154 255
0 150 136 255
0 137 123 255
0 121 107 255
0 105 92 255
0 77 64 255
114 213 114 255
66 189 65 255
43 175 43 255
37 155 36 255
10 143 8 255
10 126 7 255
5 111 0 255
13 83 2 255
197 225 165 255
174 213 129 255
156 204 101 255
139 195 74 255
124 179 66 255
104 159 56 255
85 139 47 255
51 105 30 255
230 238 156 255
220 231 117 255
212 225 87 255
205 220 57 255
192 202 51 255
175 180 43 255
158 157 36 255
130 119 23 255
255 245 157 255
255 241 118 255
255 238 88 255
255 235 59 255
253 216 53 255
251 192 45 255
249 168 37 255
245 127 23 255
255 224 130 255
255 213 79 255
255 202 40 255
255 193 7 255
255 179 0 255
255 160 0 255
255 143 0 255
255 111 0 255
255 204 128 255
255 183 77 255
255 167 38 255
255 152 0 255
251 140 0 255
245 124 0 255
239 108 0 255
230 81 0 255
255 171 145 255
255 138 101 255
255 112 67 255
255 87 34 255
244 81 30 255
230 74 25 255
216 67 21 255
191 54 12 255
188 170 164 255
161 136 127 255
141 110 99 255
121 85 72 255
109 76 65 255
93 64 55 255
78 52 46 255
62 39 35 255
238 238 238 255
224 224 224 255
189 189 189 255
158 158 158 255
117 117 117 255
97 97 97 255
66 66 66 255
33 33 33 255
176 190 197 255
144 164 174 255
120 144 156 255
96 125 139 255
84 110 122 255
69 90 100 255
55 71 79 255
38 50 56 255
0 0 0 255
255 255 255 255
end palette
begin indices
0 0 0 0 0 0 0 0 
0 0 0 0 0 0 0 0 
0 0 0 0 0 0 0 0 
0 0 0 0 0 0 0 0 
0 0 0 0 0 0 0 0 
0 0 0 0 0 0 0 0 
0 0 0 0 0 0 0 0 
0 0 0 0 0 0 0 0 
39 39 39 39 39 39 39 39 
39 35 35 35 35 35 35 39 
39 35 32 32 32 32 35 35 
39 35 32 32 32 32 32 32 
39 35 32 32 32 32 32 32 
39 35 32 32 32 32 35 35 
39 35 35 32 32 35 35 39 
39 39 35 32 32 35 39 39 
0 0 0 0 0 0 0 0 
39 39 39 39 39 39 39 39 
35 35 35 35 35 35 35 35 
32 32 32 32 32 32 32 32 
32 32 32 32 32 32 32 32 
35 35 35 35 35 35 35 35 
39 39 39 39 39 39 39 39 
23 23 23 23 23 23 23 23 
0 0 0 0 0 0 0 0 
0 0 0 0 0 0 0 0 
0 0 0 0 0 0 0 0 
0 0 0 0 0 0 0 0 
0 0 0 0 0 0 0 0 
0 0 0 0 0 0 39 39 
0 0 0 0 0 39 35 35 
0 0 0 0 39 35 32 32 
0 0 0 0 0 0 0 0 
0 0 0 0 0 0 0 0 
0 0 0 0 0 0 0 0 
0 0 0 0 0 0 0 0 
0 0 0 0 0 0 0 0 
39 39 39 39 39 39 39 39 
35 35 35 35 35 35 35 35 
32 32 32 32 32 32 32 32 
0 0 0 0 0 0 0 0 
0 0 0 0 0 0 0 0 
0 0 0 0 0 0 0 0 
0 0 0 0 0 0 0 0 
0 0 0 0 0 0 0 0 
39 39 39 39 39 39 39 39 
35 35 35 35 35 35 35 35 
32 32 32 32 4 103 99 74 
0 0 0 0 0 0 0 0 
0 0 0 0 0 0 0 0 
0 0 0 0 0 0 0 0 
0 0 0 0 0 0 0 0 
0 0 0 0 0 0 0 0 
39 39 0 0 0 0 0 0 
35 35 39 0 0 0 0 0 
59 32 35 39 0 0 0 0 
0 0 0 39 35 32 32 32 
39 39 39 35 32 32 32 32 
35 35 35 32 32 32 32 32 
32 32 32 32 32 32 32 32 
32 32 32 32 32 32 32 32 
35 35 35 32 32 32 32 32 
39 39 39 35 32 32 32 32 
23 23 23 39 35 32 32 32 
23 23 23 23 23 23 32 32 
23 23 32 32 32 32 32 32 
23 23 32 32 32 32 32 32 
23 23 23 23 32 32 32 32 
23 23 32 32 32 32 32 32 
23 23 32 32 32 32 32 32 
23 23 32 32 32 32 32 32 
32 32 32 32 32 32 32 32 
32 32 32 32 32 32 32 32 
32 32 32 32 32 32 32 32 
32 23 23 23 23 32 32 32 
23 23 32 32 23 23 32 32 
23 23 32 32 23 23 32 32 
23 23 32 32 23 23 32 32 
32 23 23 23 23 32 32 32 
32 32 32 32 32 32 32 32 
32 32 32 32 32 32 32 32 
32 32 32 32 32 32 32 32 
32 23 23 23 23 32 32 32 
23 23 32 32 23 23 32 32 
23 23 23 23 23 23 32 32 
23 23 32 32 32 32 32 32 
32 23 23 23 23 32 32 32 
32 32 32 32 32 32 32 32 
32 32 32 32 32 32 32 32 
32 32 32 32 32 32 32 32 
23 23 23 23 23 32 32 32 
23 23 32 32 23 23 32 32 
23 23 32 32 23 23 32 32 
23 23 32 32 23 23 32 32 
23 23 32 32 23 23 32 32 
32 32 32 32 32 32 32 32 
32 32 32 23 23 32 32 32 
32 32 32 32 32 32 32 32 
32 32 23 23 23 32 32 32 
32 32 32 23 23 32 32 32 
32 32 32 23 23 32 32 32 
32 32 32 23 23 32 32 32 
32 32 23 23 23 23 32 32 
32 32 32 32 32 32 32 32 
32 32 32 32 32 32 32 32 
32 32 32 32 32 32 32 32 
23 23 32 32 23 23 32 32 
32 23 23 23 23 32 32 32 
32 32 23 23 32 32 32 32 
32 23 23 23 23 32 32 32 
23 23 32 32 23 23 32 32 
32 32 32 32 32 32 32 32 
32 32 32 32 32 32 32 32 
32 32 32 32 32 32 32 32 
32 32 32 32 32 32 32 32 
32 32 32 32 32 32 32 32 
32 32 32 32 32 32 32 32 
32 32 32 32 32 32 32 32 
32 32 32 32 32 32 32 32 
32 32 32 32 32 32 32 32 
32 23 23 23 23 32 32 32 
23 23 32 32 23 23 32 32 
32 32 32 32 23 23 32 32 
32 32 32 23 23 32 32 32 
32 23 23 32 32 32 32 32 
23 23 32 32 32 32 32 32 
23 23 23 23 23 23 32 32 
32 32 32 32 32 32 32 32 
23 23 23 23 23 23 32 32 
23 23 32 32 32 32 32 32 
23 23 23 23 23 32 32 32 
32 32 32 32 23 23 32 32 
32 32 32 32 23 23 32 32 
23 23 32 32 23 23 32 32 
32 23 23 23 23 32 32 32 
32 32 32 32 32 32 32 32 
32 23 23 23 23 23 32 32 
23 23 32 32 32 23 23 32 
23 23 32 32 32 32 32 32 
23 23 23 23 23 23 32 32 
23 23 32 32 32 23 23 32 
23 23 32 32 32 23 23 32 
32 23 23 23 23 23 32 32 
32 32 32 32 32 32 32 32 
32 32 32 32 4 103 99 74 
32 32 32 4 103 99 74 59 
32 32 32 4 103 99 74 59 
32 32 4 103 99 74 59 32 
32 32 4 103 99 74 59 32 
32 4 103 99 74 59 32 32 
32 4 103 99 74 59 32 32 
4 103 99 74 59 32 32 32 
59 32 32 35 39 0 0 0 
32 32 32 32 35 39 39 39 
32 32 32 32 32 35 35 35 
32 32 32 32 32 32 32 32 
32 32 32 32 32 32 32 32 
32 32 32 32 32 35 35 35 
32 32 32 32 35 39 39 39 
32 32 32 35 39 23 23 23 
39 39 39 39 39 39 39 39 
39 35 35 35 35 35 35 39 
35 35 32 32 32 32 35 39 
32 32 32 32 32 32 35 39 
32 32 32 32 32 32 35 39 
35 35 32 32 32 32 35 39 
39 35 35 32 32 35 35 39 
39 39 35 32 32 35 39 39 
23 23 23 23 23 23 23 23 
23 23 23 23 23 23 23 23 
23 23 23 23 23 23 23 23 
23 23 23 23 23 23 23 23 
23 23 23 23 23 23 23 23 
23 23 23 23 23 23 23 23 
23 23 23 23 23 23 23 23 
23 23 23 23 23 23 23 23 
23 23 23 23 39 35 32 32 
23 23 23 23 23 39 35 35 
23 23 23 23 23 23 39 39 
23 23 23 23 23 23 23 23 
23 23 23 23 23 23 23 23 
23 23 23 23 23 23 23 23 
23 23 23 23 23 23 23 23 
23 23 23 23 23 23 23 23 
32 32 32 32 32 32 32 32 
35 35 35 35 35 35 35 35 
39 39 39 39 39 39 39 39 
23 23 23 23 23 23 23 23 
23 23 23 23 23 23 23 23 
23 23 23 23 23 23 23 23 
23 23 23 23 23 23 23 23 
23 23 23 23 23 23 23 23 
4 103 99 74 59 32 32 32 
35 35 35 35 35 35 35 35 
39 39 39 39 39 39 39 39 
23 23 23 23 23 23 23 23 
23 23 23 23 23 23 23 23 
23 23 23 23 23 23 23 23 
23 23 23 23 23 23 23 23 
23 23 23 23 23 23 23 23 
32 32 35 39 23 23 23 23 
35 35 39 23 23 23 23 23 
39 39 23 23 23 23 23 23 
23 23 23 23 23 23 23 23 
23 23 23 23 23 23 23 23 
23 23 23 23 23 23 23 23 
23 23 23 23 23 23 23 23 
23 23 23 23 23 23 23 23 
0 39 35 32 32 35 39 23 
0 39 35 32 32 35 39 23 
0 39 35 32 32 35 39 23 
0 39 35 32 32 35 39 23 
0 39 35 32 32 35 39 23 
0 39 35 32 32 35 39 23 
0 39 35 32 32 35 39 23 
0 39 35 32 32 35 39 23 
23 39 35 32 32 35 39 0 
23 39 35 32 32 35 39 0 
23 39 35 32 32 35 39 0 
23 39 35 32 32 35 39 0 
23 39 35 32 32 35 39 0 
23 39 35 32 32 35 39 0 
23 39 35 32 32 35 39 0 
23 39 35 32 32 35 39 0 
39 39 35 32 32 35 39 39 
39 35 35 32 32 35 35 39 
39 35 32 32 32 32 35 35 
39 35 32 32 32 32 32 32 
39 35 32 32 32 32 32 32 
39 35 32 32 32 32 35 35 
39 35 35 32 32 35 35 39 
39 39 35 32 32 35 39 39 
23 23 23 23 23 23 23 23 
39 39 39 39 39 39 39 39 
35 35 35 35 35 35 35 35 
32 32 32 32 32 32 32 32 
32 32 32 32 32 32 32 32 
35 35 35 35 35 35 35 35 
39 39 39 39 39 39 39 39 
23 23 23 23 23 23 23 23 
39 39 35 32 32 35 39 39 
39 35 35 32 32 35 35 39 
35 35 32 32 32 32 35 39 
32 32 32 32 32 32 35 39 
32 32 32 32 32 32 35 39 
35 35 32 32 32 32 35 39 
39 35 35 32 32 35 35 39 
39 39 35 32 32 35 39 39 
39 39 35 32 32 35 39 39 
39 35 35 32 32 35 35 39 
39 35 32 32 32 32 35 35 
39 35 32 32 32 32 32 32 
39 35 32 32 32 32 32 32 
39 35 32 32 32 32 35 35 
39 35 35 35 35 35 35 39 
39 39 39 39 39 39 39 39 
23 23 23 23 23 23 23 23 
39 39 39 39 39 39 39 39 
35 35 35 35 35 35 35 35 
32 32 32 32 32 32 32 32 
32 32 32 32 32 32 32 32 
35 35 35 35 35 35 35 35 
39 39 39 39 39 39 39 39 
0 0 0 0 0 0 0 0 
39 39 35 32 32 35 39 39 
39 35 35 32 32 35 35 39 
35 35 32 32 32 32 35 39 
32 32 32 32 32 32 35 39 
32 32 32 32 32 32 35 39 
35 35 32 32 32 32 35 39 
39 35 35 35 35 35 35 39 
39 39 39 39 39 39 39 39 
end indices
